CZK=0.039258
RMB=0.159748
HKD=0.128863